rare 49 epique 34 leg 17
rare 44 epique 41 leg 15
rare 44 epique 44 leg 12
rare 38 epique 46 leg 16
rare 44 epique 33 leg 23
rare 36 epique 42 leg 22
rare 36 epique 45 leg 19
rare 33 epique 51 leg 16
rare 38 epique 45 leg 17
rare 35 epique 45 leg 20
rare 41 epique 41 leg 18
rare 41 epique 45 leg 14
rare 37 epique 44 leg 19
rare 41 epique 41 leg 18
rare 41 epique 40 leg 19
rare 42 epique 37 leg 21
rare 35 epique 45 leg 20
rare 38 epique 42 leg 20
rare 46 epique 37 leg 17
rare 48 epique 35 leg 17
rare 35 epique 39 leg 26
rare 32 epique 51 leg 17
rare 44 epique 41 leg 15
rare 40 epique 38 leg 22
rare 42 epique 37 leg 21
rare 36 epique 47 leg 17
rare 28 epique 50 leg 22
rare 43 epique 37 leg 20
rare 41 epique 41 leg 18
rare 39 epique 40 leg 21
rare 37 epique 38 leg 25
rare 44 epique 34 leg 22
rare 38 epique 39 leg 23
rare 41 epique 39 leg 20
rare 44 epique 38 leg 18
rare 36 epique 49 leg 15
rare 34 epique 41 leg 25
rare 38 epique 42 leg 20
rare 38 epique 38 leg 24
rare 33 epique 41 leg 26
rare 42 epique 34 leg 24
rare 34 epique 43 leg 23
rare 45 epique 34 leg 21
rare 41 epique 39 leg 20
rare 29 epique 47 leg 24
rare 46 epique 37 leg 17
rare 49 epique 30 leg 21
rare 39 epique 37 leg 24
rare 39 epique 40 leg 21
rare 31 epique 43 leg 26
rare 42 epique 35 leg 23
rare 51 epique 35 leg 14
rare 40 epique 39 leg 21
rare 44 epique 33 leg 23
rare 28 epique 49 leg 23
rare 40 epique 35 leg 25
rare 38 epique 43 leg 19
rare 37 epique 41 leg 22
rare 43 epique 40 leg 17
rare 37 epique 37 leg 26
rare 43 epique 32 leg 25
rare 33 epique 44 leg 23
rare 39 epique 39 leg 22
rare 38 epique 47 leg 15
rare 52 epique 28 leg 20
rare 44 epique 36 leg 20
rare 40 epique 42 leg 18
rare 31 epique 48 leg 21
rare 38 epique 43 leg 19
rare 38 epique 43 leg 19
rare 43 epique 38 leg 19
rare 30 epique 40 leg 30
rare 41 epique 40 leg 19
rare 48 epique 35 leg 17
rare 46 epique 36 leg 18
rare 35 epique 50 leg 15
rare 40 epique 41 leg 19
rare 42 epique 41 leg 17
rare 53 epique 32 leg 15
rare 44 epique 38 leg 18
rare 42 epique 39 leg 19
rare 38 epique 44 leg 18
rare 40 epique 36 leg 24
rare 42 epique 38 leg 20
rare 35 epique 45 leg 20
rare 50 epique 34 leg 16
rare 43 epique 36 leg 21
rare 49 epique 34 leg 17
rare 36 epique 45 leg 19
rare 41 epique 39 leg 20
rare 39 epique 39 leg 22
rare 38 epique 37 leg 25
rare 40 epique 39 leg 21
rare 39 epique 42 leg 19
rare 34 epique 43 leg 23
rare 45 epique 38 leg 17
rare 35 epique 43 leg 22
rare 42 epique 36 leg 22
rare 38 epique 44 leg 18
rare 31 epique 52 leg 17
